1
155
169
170
176
177
179
193
198
205
362
551
552
553
567
568
574
575
682
705
784
786
787
800
851
1087
1111
1218
1292
1303
1304
1362
1411
1425
1437
1441
1447
1455
1463
1466
1468
1469
1470
1472
1473
1474
1482
1484
1485
1486
1487
1491
1492
1493
1497
1513
1514
1516
1517
1542
1543
1544
1551
1572
1582
1788
1819
1820
1832
1852
1853
1854
1900
1901
1902
1999
2155
2158
2177
2184
2185
2186
2194
2196
2199
2203
2209
2214
2228
2265
2266
2267
2326
2346
2373
2380
2382
2383
2386
2387
2435
2442
2445
2483
2531
2543
2544
2570
2591
2592
2593
2594
2595
2596
2599
2603
